3.230617065429687500e+02 3.682444458007812500e+02
3.122398071289062500e+02 3.672434692382812500e+02
3.220819702148437500e+02 3.704330444335937500e+02
3.244021301269531250e+02 3.691938476562500000e+02
3.331047058105468750e+02 3.715370788574218750e+02
3.363854980468750000e+02 3.675397949218750000e+02
3.418795776367187500e+02 3.656434020996093750e+02
3.517601928710937500e+02 3.718688354492187500e+02
3.569176635742187500e+02 3.716784667968750000e+02
3.719771118164062500e+02 3.684984741210937500e+02
3.677902526855468750e+02 3.681111755371093750e+02
3.637523193359375000e+02 3.696754150390625000e+02
3.642217407226562500e+02 3.623188476562500000e+02
3.618772888183593750e+02 3.599686279296875000e+02
3.649093322753906250e+02 3.546263122558593750e+02
3.674004821777343750e+02 3.543858032226562500e+02
3.590273437500000000e+02 3.236910400390625000e+02
3.567629394531250000e+02 3.181932678222656250e+02
3.522845458984375000e+02 3.185466918945312500e+02
3.506970214843750000e+02 3.175042419433593750e+02
3.412841186523437500e+02 3.160407409667968750e+02
3.389632568359375000e+02 3.158223266601562500e+02
3.337494506835937500e+02 3.179055480957031250e+02
3.311352539062500000e+02 3.203592224121093750e+02
3.207245178222656250e+02 3.211690063476562500e+02
3.161712341308593750e+02 3.223098144531250000e+02
3.145083007812500000e+02 3.204367065429687500e+02
2.988585510253906250e+02 3.207459716796875000e+02
2.913593750000000000e+02 3.190242309570312500e+02
2.873290100097656250e+02 3.163241882324218750e+02
2.736128234863281250e+02 3.207825622558593750e+02
2.648323364257812500e+02 3.219661865234375000e+02
2.645673217773437500e+02 3.247604980468750000e+02
2.590044555664062500e+02 3.223193054199218750e+02
2.573389892578125000e+02 3.612006530761718750e+02
2.497923126220703125e+02 3.670366821289062500e+02
2.386436614990234375e+02 3.767800292968750000e+02
2.362436523437500000e+02 3.753393249511718750e+02
2.398402557373046875e+02 3.795018920898437500e+02
2.419434967041015625e+02 3.747559509277343750e+02
2.373961791992187500e+02 3.744616088867187500e+02
2.541877136230468750e+02 3.806252441406250000e+02
2.532565307617187500e+02 3.758613891601562500e+02
2.635532226562500000e+02 3.745556030273437500e+02
2.601731262207031250e+02 3.654930725097656250e+02
2.663626708984375000e+02 3.660771179199218750e+02
2.702012023925781250e+02 3.672307434082031250e+02
2.782687988281250000e+02 3.755942993164062500e+02
2.739929809570312500e+02 3.783710937500000000e+02
2.790056762695312500e+02 3.799547729492187500e+02
2.815903320312500000e+02 3.785506591796875000e+02
2.858320922851562500e+02 3.759407958984375000e+02
2.889366455078125000e+02 3.765652160644531250e+02
2.910239257812500000e+02 3.765036621093750000e+02
2.956460266113281250e+02 3.746893920898437500e+02
3.000233154296875000e+02 3.808815002441406250e+02
3.001571350097656250e+02 3.819098205566406250e+02
3.039092712402343750e+02 3.818717651367187500e+02
3.045167846679687500e+02 3.807349243164062500e+02
3.094460449218750000e+02 3.838272705078125000e+02
3.152974548339843750e+02 3.962455139160156250e+02
3.226568908691406250e+02 3.837764282226562500e+02
3.292319946289062500e+02 3.807654418945312500e+02
3.345818481445312500e+02 3.805291748046875000e+02
3.385598754882812500e+02 3.800868530273437500e+02
3.455754089355468750e+02 3.837153625488281250e+02
3.457672424316406250e+02 3.815770263671875000e+02
3.480337524414062500e+02 3.798522033691406250e+02
3.547102050781250000e+02 3.801496582031250000e+02
3.543612060546875000e+02 3.804544372558593750e+02
3.565795898437500000e+02 3.844138183593750000e+02
3.610030517578125000e+02 3.808946838378906250e+02
3.941589965820312500e+02 3.870413818359375000e+02
3.757101745605468750e+02 3.890997009277343750e+02
3.814382934570312500e+02 3.906643371582031250e+02
3.907946777343750000e+02 3.845983886718750000e+02
3.966864013671875000e+02 3.809973754882812500e+02
3.971109619140625000e+02 3.827964782714843750e+02
4.017808532714843750e+02 3.845809326171875000e+02
4.041884765625000000e+02 3.825327453613281250e+02
4.196663818359375000e+02 3.694705505371093750e+02
4.167367248535156250e+02 3.627204895019531250e+02
4.210620117187500000e+02 3.560689697265625000e+02
4.194697570800781250e+02 3.496580200195312500e+02
4.202684020996093750e+02 3.497825012207031250e+02
4.215162658691406250e+02 3.503230590820312500e+02
4.162874755859375000e+02 3.561965637207031250e+02
4.150866088867187500e+02 3.550567932128906250e+02
4.143754882812500000e+02 3.557509155273437500e+02
4.051663208007812500e+02 3.568065490722656250e+02
4.027705383300781250e+02 3.524033203125000000e+02
3.965980529785156250e+02 3.556072998046875000e+02
3.886281127929687500e+02 3.551621704101562500e+02
3.826837768554687500e+02 3.565219116210937500e+02
3.724432678222656250e+02 3.508220825195312500e+02
3.683154907226562500e+02 3.507114562988281250e+02
3.629565124511718750e+02 3.505888671875000000e+02
3.578761291503906250e+02 3.558522338867187500e+02
3.566050415039062500e+02 3.518986816406250000e+02
3.522316894531250000e+02 3.547170104980468750e+02
3.503824462890625000e+02 3.580794982910156250e+02
3.533630371093750000e+02 3.536830444335937500e+02
3.494327392578125000e+02 3.545403442382812500e+02
3.489329833984375000e+02 3.530771484375000000e+02
3.483711242675781250e+02 3.499741210937500000e+02
3.346417846679687500e+02 3.506605224609375000e+02
3.298622131347656250e+02 3.473627929687500000e+02
3.272064208984375000e+02 3.493640747070312500e+02
3.180126037597656250e+02 3.467657470703125000e+02
3.126712951660156250e+02 3.544472045898437500e+02
3.147760620117187500e+02 3.485226440429687500e+02
3.094482116699218750e+02 3.487284851074218750e+02
3.097894592285156250e+02 3.495609741210937500e+02
3.116347045898437500e+02 3.491051940917968750e+02
3.181451721191406250e+02 3.540503845214843750e+02
3.106672363281250000e+02 3.497802124023437500e+02
3.115247192382812500e+02 3.504768066406250000e+02
3.076904602050781250e+02 3.510719604492187500e+02
3.027460327148437500e+02 3.551591186523437500e+02
2.923595275878906250e+02 3.598661499023437500e+02
2.816623535156250000e+02 3.606168823242187500e+02
2.771657714843750000e+02 3.591349487304687500e+02
2.722899780273437500e+02 3.562385864257812500e+02
2.537745361328125000e+02 3.597209777832031250e+02
2.568033142089843750e+02 3.572471008300781250e+02
2.515770263671875000e+02 3.608395080566406250e+02
2.515467071533203125e+02 3.657445983886718750e+02
2.543337707519531250e+02 3.738638305664062500e+02
2.559554138183593750e+02 3.757979431152343750e+02
2.486395568847656250e+02 3.778639526367187500e+02
2.290176544189453125e+02 3.824273681640625000e+02
2.425484466552734375e+02 3.776114807128906250e+02
2.495110168457031250e+02 3.785328979492187500e+02
2.493558959960937500e+02 3.748812255859375000e+02
2.505956115722656250e+02 3.805936279296875000e+02
2.522197570800781250e+02 3.627079467773437500e+02
2.605131530761718750e+02 3.631232604980468750e+02
2.609519958496093750e+02 3.725092163085937500e+02
2.656707153320312500e+02 3.704396972656250000e+02
2.726912231445312500e+02 3.705602722167968750e+02
2.811897583007812500e+02 3.806838378906250000e+02
2.997659912109375000e+02 3.764215698242187500e+02
3.045309753417968750e+02 3.742791137695312500e+02
3.111121215820312500e+02 3.832796020507812500e+02
3.108090820312500000e+02 3.884792785644531250e+02
3.105379028320312500e+02 3.897605895996093750e+02
3.140934448242187500e+02 3.949199523925781250e+02
3.146123657226562500e+02 3.996997070312500000e+02
3.171207580566406250e+02 3.813261413574218750e+02
3.187157897949218750e+02 3.833276367187500000e+02
3.244526977539062500e+02 3.908039550781250000e+02
3.326798095703125000e+02 3.923903808593750000e+02
3.429189453125000000e+02 3.918738403320312500e+02
3.525511169433593750e+02 3.938851013183593750e+02
3.658305358886718750e+02 3.908204345703125000e+02
3.733218688964843750e+02 3.916344604492187500e+02
3.742191162109375000e+02 3.974603881835937500e+02
3.785082397460937500e+02 4.011142578125000000e+02
3.841383056640625000e+02 3.973662109375000000e+02
3.833147888183593750e+02 3.927523193359375000e+02
4.522317504882812500e+02 4.040161132812500000e+02
4.579851684570312500e+02 4.095999145507812500e+02
4.596557617187500000e+02 4.112037963867187500e+02
4.575122680664062500e+02 4.161295471191406250e+02
4.574376220703125000e+02 4.165584106445312500e+02
4.461623535156250000e+02 4.251494445800781250e+02
4.481299438476562500e+02 4.162459716796875000e+02
4.413594970703125000e+02 4.120888061523437500e+02
4.384010314941406250e+02 4.130631408691406250e+02
4.360442504882812500e+02 4.001190185546875000e+02
4.315080261230468750e+02 4.034997863769531250e+02
4.195819702148437500e+02 4.011520080566406250e+02
4.063377075195312500e+02 4.131073608398437500e+02
3.991627502441406250e+02 4.129899291992187500e+02
3.953522949218750000e+02 4.126752929687500000e+02
3.958706054687500000e+02 4.146094360351562500e+02
3.913912658691406250e+02 4.132479248046875000e+02
3.888755798339843750e+02 4.133921508789062500e+02
3.900698242187500000e+02 4.093318786621093750e+02
3.853462219238281250e+02 4.111315917968750000e+02
3.858603515625000000e+02 4.084721679687500000e+02
3.731609497070312500e+02 4.074240722656250000e+02
3.699272460937500000e+02 4.090940246582031250e+02
3.654851684570312500e+02 4.150422973632812500e+02
3.627809143066406250e+02 4.114082336425781250e+02
3.562083435058593750e+02 4.161516723632812500e+02
3.512802734375000000e+02 4.126908569335937500e+02
3.494651794433593750e+02 4.063520507812500000e+02
3.480343627929687500e+02 4.081143188476562500e+02
3.475711669921875000e+02 4.078298339843750000e+02
3.577766113281250000e+02 4.197624511718750000e+02
3.543383789062500000e+02 4.171079101562500000e+02
3.624993896484375000e+02 4.157041625976562500e+02
3.398528442382812500e+02 4.273713378906250000e+02
3.306737976074218750e+02 4.230930175781250000e+02
3.162389831542968750e+02 4.231029663085937500e+02
3.040214233398437500e+02 4.196235961914062500e+02
2.973836975097656250e+02 4.219497680664062500e+02
3.017975463867187500e+02 4.261762695312500000e+02
3.040711364746093750e+02 4.209294433593750000e+02
3.030834655761718750e+02 4.232771606445312500e+02
2.964563293457031250e+02 4.290476684570312500e+02
2.904858093261718750e+02 4.297220153808593750e+02
2.865191345214843750e+02 4.324814453125000000e+02
2.821814270019531250e+02 4.285033874511718750e+02
2.770455322265625000e+02 4.297997131347656250e+02
2.706094055175781250e+02 4.199385681152343750e+02
2.611231689453125000e+02 4.209682922363281250e+02
2.560046691894531250e+02 4.171582641601562500e+02
2.482211608886718750e+02 4.080689697265625000e+02
2.486768798828125000e+02 4.103314819335937500e+02
2.563947143554687500e+02 4.149420776367187500e+02
2.431927185058593750e+02 4.003761596679687500e+02
2.414497680664062500e+02 3.931504516601562500e+02
2.401688232421875000e+02 3.917117309570312500e+02
2.396419677734375000e+02 3.930114135742187500e+02
2.345220794677734375e+02 3.888117065429687500e+02
2.441024627685546875e+02 4.072541503906250000e+02
2.357732238769531250e+02 4.086468811035156250e+02
2.255537261962890625e+02 4.386410522460937500e+02
2.291764831542968750e+02 4.343356323242187500e+02
2.318425750732421875e+02 4.288861083984375000e+02
2.574219360351562500e+02 4.466984863281250000e+02
2.622158813476562500e+02 4.472903442382812500e+02
2.721712341308593750e+02 4.448417358398437500e+02
2.756368713378906250e+02 4.443684692382812500e+02
2.836558227539062500e+02 4.443018798828125000e+02
2.888131408691406250e+02 4.409689025878906250e+02
2.919892578125000000e+02 4.384224853515625000e+02
2.965690307617187500e+02 4.357413330078125000e+02
2.957126464843750000e+02 4.362731323242187500e+02
2.968780822753906250e+02 4.381945190429687500e+02
2.978457336425781250e+02 4.392333068847656250e+02
2.978013305664062500e+02 4.420367431640625000e+02
3.056992187500000000e+02 4.435687255859375000e+02
3.126441650390625000e+02 4.383740539550781250e+02
3.204850769042968750e+02 4.399240112304687500e+02
3.303664550781250000e+02 4.425527954101562500e+02
3.372758483886718750e+02 4.429671020507812500e+02
3.534761047363281250e+02 4.320494689941406250e+02
3.545242919921875000e+02 4.344423828125000000e+02
3.568036499023437500e+02 4.348665161132812500e+02
3.574057006835937500e+02 4.312483520507812500e+02
3.592718505859375000e+02 4.280372924804687500e+02
3.614877319335937500e+02 4.324380493164062500e+02
3.634860229492187500e+02 4.301427917480468750e+02
3.616482238769531250e+02 4.277666625976562500e+02
3.599551391601562500e+02 4.318558349609375000e+02
3.637716064453125000e+02 4.278246765136718750e+02
3.793078613281250000e+02 4.217741088867187500e+02
4.122557067871093750e+02 4.202806396484375000e+02
4.158194274902343750e+02 4.225148925781250000e+02
4.151754150390625000e+02 4.205753784179687500e+02
4.113583984375000000e+02 4.219881896972656250e+02
4.119652099609375000e+02 4.219897766113281250e+02
4.109729003906250000e+02 4.216844482421875000e+02
4.085314941406250000e+02 4.210789184570312500e+02
4.088505554199218750e+02 4.218843688964843750e+02
4.078131713867187500e+02 4.206863403320312500e+02
4.007147827148437500e+02 4.208308105468750000e+02
4.045456237792968750e+02 4.268755493164062500e+02
4.065069580078125000e+02 4.229003906250000000e+02
4.068870239257812500e+02 4.224014892578125000e+02
4.075754089355468750e+02 4.207336425781250000e+02
4.172156982421875000e+02 4.213635559082031250e+02
4.188834228515625000e+02 4.241598205566406250e+02
4.190513610839843750e+02 4.193956909179687500e+02
4.229995727539062500e+02 4.253891906738281250e+02
4.252386169433593750e+02 4.217042846679687500e+02
4.219611816406250000e+02 4.230164794921875000e+02
4.232793884277343750e+02 4.229172363281250000e+02
4.236375732421875000e+02 4.228094177246093750e+02
4.243854980468750000e+02 4.219918823242187500e+02
4.223579406738281250e+02 4.298191528320312500e+02
