1.434268951416015625e+01
1.769227409362792969e+01
1.156724548339843750e+01
1.481821823120117188e+01
1.346782875061035156e+01
1.607017517089843750e+01
1.451234245300292969e+01
8.573968887329101562e+00
7.327645778656005859e+00
2.227806282043457031e+01
1.541515350341796875e+01
6.204262256622314453e+00
6.100132942199707031e+00
2.938090562820434570e+00
3.545606374740600586e+00
2.459975481033325195e+00
5.020442962646484375e+00
3.814106464385986328e+00
3.526643037796020508e+00
5.751802921295166016e+00
6.995982646942138672e+00
7.441328525543212891e+00
5.386466026306152344e+00
4.804693222045898438e+00
3.632126808166503906e+00
3.295245409011840820e+00
4.591515541076660156e+00
6.518683433532714844e+00
8.090784072875976562e+00
1.075821590423583984e+01
4.846173286437988281e+00
8.628266334533691406e+00
4.261524200439453125e+00
6.972365379333496094e+00
1.881247520446777344e+01
1.611374282836914062e+01
1.952894973754882812e+01
1.513051700592041016e+01
1.393699169158935547e+01
6.250942707061767578e+00
9.714405059814453125e+00
9.775330543518066406e+00
5.326641082763671875e+00
1.356460666656494141e+01
1.190946674346923828e+01
1.293357753753662109e+01
1.271070384979248047e+01
1.427456569671630859e+01
6.147822380065917969e+00
7.273282051086425781e+00
5.617387294769287109e+00
7.135671615600585938e+00
6.416535854339599609e+00
5.609949588775634766e+00
7.751140117645263672e+00
6.087476730346679688e+00
3.689839601516723633e+00
3.037076473236083984e+00
5.808024406433105469e-01
4.091338157653808594e+00
1.583962821960449219e+01
1.004808902740478516e+01
4.925241947174072266e+00
3.450425863265991211e+00
3.559254646301269531e+00
6.066249370574951172e+00
6.247093200683593750e+00
6.341067790985107422e+00
1.544879317283630371e+00
3.679464817047119141e+00
4.832531452178955078e+00
2.282438516616821289e+00
2.844752693176269531e+01
7.139450073242187500e+00
8.856664657592773438e+00
8.216362953186035156e+00
7.943001270294189453e+00
3.117612123489379883e+00
9.732494950294494629e-01
9.364278912544250488e-01
1.167586708068847656e+01
6.151943683624267578e+00
5.426808834075927734e+00
2.614406108856201172e+00
3.589980602264404297e+00
3.652640581130981445e+00
1.033366680145263672e+01
9.206873893737792969e+00
7.243129253387451172e+00
1.037503623962402344e+01
4.025589466094970703e+00
7.939366817474365234e+00
7.555510520935058594e+00
8.672308921813964844e+00
8.748579978942871094e+00
5.691827297210693359e+00
5.077748775482177734e+00
5.959171772003173828e+00
3.223543643951416016e+00
5.218297481536865234e+00
9.184141159057617188e+00
6.505918979644775391e+00
5.691961288452148438e+00
5.814049243927001953e+00
7.371170043945312500e+00
1.510310769081115723e+00
3.394848108291625977e+00
1.260159373283386230e+00
3.232323884963989258e+00
7.765573501586914062e+00
2.816804647445678711e+00
5.240362882614135742e-01
2.374616622924804688e+00
4.764655113220214844e+00
1.318797874450683594e+01
4.995223045349121094e+00
5.718695640563964844e+00
3.395820379257202148e+00
6.285473346710205078e+00
1.181554889678955078e+01
1.240028667449951172e+01
1.148999214172363281e+01
9.243136405944824219e+00
1.377559375762939453e+01
1.446250820159912109e+01
1.585289287567138672e+01
1.575338554382324219e+01
1.657460784912109375e+01
1.903602790832519531e+01
1.296801567077636719e+01
2.078688812255859375e+01
4.734258174896240234e+00
2.893054485321044922e+00
5.295309543609619141e+00
8.409204483032226562e-01
1.738345146179199219e+01
1.808992767333984375e+01
8.979649543762207031e+00
1.064025211334228516e+01
1.054115867614746094e+01
7.222206115722656250e+00
1.040094947814941406e+01
1.027161502838134766e+01
5.086392402648925781e+00
9.942021369934082031e+00
1.150785923004150391e+01
1.349764156341552734e+01
1.787965583801269531e+01
6.112879276275634766e+00
9.308524131774902344e+00
1.255146980285644531e+01
1.254051208496093750e+01
9.370938301086425781e+00
9.936678886413574219e+00
6.101501464843750000e+00
6.094113826751708984e+00
1.258701038360595703e+01
1.717914962768554688e+01
1.353617191314697266e+01
8.779100418090820312e+00
1.079612350463867188e+01
6.996616840362548828e+00
9.096205711364746094e+00
4.595459938049316406e+00
4.459539413452148438e+00
1.063799095153808594e+01
3.128844499588012695e+00
5.955496311187744141e+00
4.720252037048339844e+00
1.007267379760742188e+01
4.528798103332519531e+00
7.329256057739257812e+00
1.281401824951171875e+01
1.206774997711181641e+01
1.092439270019531250e+01
9.548522949218750000e+00
4.985013484954833984e+00
4.611798763275146484e+00
1.669582009315490723e+00
1.086995244026184082e+00
4.541718482971191406e+00
6.659994125366210938e+00
3.569453954696655273e+00
3.398571491241455078e+00
1.876657366752624512e+00
5.291485786437988281e+00
2.705413818359375000e+00
3.931193590164184570e+00
1.361740589141845703e+00
1.959044218063354492e+00
1.529686260223388672e+01
1.254609394073486328e+01
2.031658554077148438e+01
1.803644943237304688e+01
1.319957256317138672e+01
1.563985347747802734e+01
1.179805660247802734e+01
1.419299316406250000e+01
1.661604881286621094e+01
1.163840866088867188e+01
1.281338787078857422e+01
1.821405792236328125e+01
1.878314781188964844e+01
2.053491020202636719e+01
1.752251815795898438e+01
1.982270431518554688e+01
1.003538227081298828e+01
1.292375755310058594e+01
9.212192535400390625e+00
5.779250621795654297e+00
4.705517768859863281e+00
9.601016998291015625e+00
9.498123168945312500e+00
1.577390193939208984e+01
1.674503326416015625e+01
1.370021247863769531e+01
1.874451255798339844e+01
6.230003356933593750e+00
2.656578063964843750e+00
2.354085159301757812e+01
1.363126373291015625e+01
5.888213157653808594e+00
2.455319786071777344e+01
2.339551925659179688e+01
2.027544593811035156e+01
1.937187385559082031e+01
1.831362724304199219e+01
1.497006893157958984e+01
1.357225894927978516e+01
1.075639533996582031e+01
1.248446083068847656e+01
1.355882358551025391e+01
1.439541244506835938e+01
1.657727241516113281e+01
1.864631080627441406e+01
1.321686363220214844e+01
1.580836677551269531e+01
1.730648231506347656e+01
1.531229019165039062e+01
1.479381179809570312e+01
9.286252975463867188e+00
7.849637031555175781e+00
4.474873065948486328e+00
2.401700258255004883e+00
7.322072982788085938e+00
6.106318473815917969e+00
2.416141271591186523e+00
6.202600955963134766e+00
8.557189702987670898e-01
7.238342761993408203e+00
1.205224514007568359e+01
1.124755764007568359e+01
1.032528877258300781e+01
6.032999515533447266e+00
7.790126323699951172e+00
8.200325012207031250e+00
6.689654827117919922e+00
7.991778850555419922e+00
9.448842048645019531e+00
5.218374729156494141e+00
6.546806812286376953e+00
8.553433418273925781e+00
7.770481109619140625e+00
6.976308822631835938e+00
1.213624763488769531e+01
9.326404571533203125e+00
9.661190032958984375e+00
9.020277023315429688e+00
1.018848419189453125e+01
5.617774963378906250e+00
6.113540172576904297e+00
7.024472236633300781e+00
9.520665168762207031e+00
6.613072395324707031e+00
