3.015443350686520034e+02 2.575931632725694840e+02
3.015838003669475142e+02 2.573729601174044319e+02
3.024221400603164511e+02 2.575779932971539665e+02
3.020896914515302001e+02 2.582738410905913611e+02
3.011975941528743306e+02 2.586982811553220358e+02
3.009084856088325637e+02 2.589001780444981478e+02
3.013164764344390392e+02 2.595029903013644912e+02
3.013598903969852358e+02 2.594967764929157283e+02
3.151931271293452710e+02 4.178833271216302592e+02
3.168027951580412491e+02 4.125004721269554011e+02
3.178045333155909589e+02 4.065802247950236961e+02
3.204927482583664755e+02 4.012100533461510850e+02
3.244106067157175062e+02 3.959074538180475997e+02
3.300623491484006991e+02 3.928419418272876555e+02
3.289052899036274198e+02 3.925390594496167296e+02
3.299212120220238944e+02 3.917917102577904984e+02
3.403765700794139661e+02 3.793467909154938411e+02
3.476598380660567500e+02 3.765461101388141856e+02
3.541924546154963309e+02 3.742632992148841140e+02
3.559796800009359572e+02 3.724459525565940794e+02
3.596231542585456395e+02 3.732647390190429064e+02
3.624541841945926990e+02 3.681892953113409135e+02
3.624580835110725729e+02 3.656660032394615882e+02
3.632489767014001245e+02 3.586133568774493483e+02
3.645057147652512981e+02 3.578609975062436774e+02
3.598980051207336714e+02 3.442335795010788502e+02
3.599433152631829103e+02 3.445843489568291602e+02
3.600388632020435011e+02 3.441215577120699436e+02
3.604551135929426096e+02 3.446527281903900075e+02
3.604906298611875854e+02 3.444635651445137228e+02
3.610107120632812894e+02 3.448092853376006701e+02
3.614935221282017892e+02 3.443179473202938539e+02
3.594025497529942754e+02 3.233883897521160975e+02
3.558675301718075730e+02 3.178369923705190558e+02
3.542590256231779904e+02 3.172270860272058712e+02
3.457528702458138810e+02 3.155866182449884718e+02
3.431698223111322363e+02 3.172533581798098794e+02
3.371933144450014765e+02 3.192221462645819088e+02
3.358592723332517949e+02 3.197485352885204293e+02
3.312415099955692881e+02 3.208220309851986940e+02
3.230733360127180731e+02 3.232757235685006663e+02
3.194193894235502285e+02 3.236589656425155681e+02
3.112989541062928538e+02 3.225761482949411061e+02
3.110316381450402901e+02 3.233284579079430046e+02
3.111525328889869115e+02 3.224619579304817876e+02
3.108909876666614309e+02 3.216657755794018385e+02
2.958033179621261297e+02 3.190971197268261221e+02
2.912005161778843672e+02 3.183335051951738137e+02
2.823254264146979153e+02 3.196892263181991325e+02
2.818314854021364795e+02 3.193596482747524306e+02
2.737970430285038219e+02 3.199742721285573452e+02
2.685449140535769175e+02 3.217061696707858687e+02
2.640386673607947046e+02 3.225476437368706115e+02
2.638906247391828970e+02 3.336167168964191774e+02
2.639868537981322447e+02 3.336095126539321427e+02
2.643945519322196560e+02 3.345348264254637343e+02
2.640235062234713723e+02 3.339681458601839381e+02
2.632776471505795257e+02 3.332380197698961410e+02
2.633625137166056334e+02 3.325343825259465689e+02
2.635150840625427691e+02 3.331865967175048127e+02
2.632733128444047566e+02 3.325058333666781323e+02
2.623905494300908572e+02 3.575088059392607533e+02
2.586164478386513679e+02 3.614560987804625825e+02
2.539281122848124141e+02 3.658111793989503440e+02
2.511758586685668604e+02 3.708872054592537211e+02
2.473665238845618148e+02 3.723180640269860646e+02
2.446671373053703178e+02 3.733470765176962800e+02
2.465137535171562888e+02 3.771638129886482034e+02
2.489886523985584290e+02 3.767613252042830254e+02
2.578565322134849112e+02 3.763649797346897117e+02
2.577241774414274005e+02 3.730023199781364269e+02
2.618050630813180533e+02 3.677212675381375675e+02
2.667048128754776144e+02 3.673185438211055498e+02
2.724787033140597146e+02 3.712484434106237359e+02
2.741803865047541535e+02 3.742973205965697616e+02
2.787284294127790076e+02 3.773574259769148966e+02
2.801653384490421672e+02 3.775698813584324967e+02
2.836664170123664235e+02 3.765496645347941467e+02
2.860064726405260558e+02 3.765961875774930263e+02
2.879736380112238976e+02 3.766504085679756031e+02
2.927879996338346018e+02 3.760183392381914587e+02
2.947215930504265202e+02 3.774017502963426978e+02
2.985905533750561744e+02 3.806467952948032121e+02
3.004469657526154265e+02 3.823433228094366427e+02
3.022749759901044513e+02 3.819892792283461063e+02
3.048148495204223991e+02 3.829889271586368409e+02
3.100636477653339398e+02 3.895235595025684461e+02
3.146488209979328872e+02 3.861366488945745346e+02
3.225248502200515190e+02 3.836677780729768870e+02
3.232810710087887855e+02 3.840712890108679289e+02
3.231759567095029979e+02 3.828828296115407852e+02
3.236334965284822260e+02 3.827058452917392515e+02
3.241722499836719749e+02 3.822743867940466771e+02
3.235500838691484660e+02 3.822073889111965173e+02
3.335863798553367587e+02 3.806434129135512876e+02
3.353579989821126901e+02 3.799804418106505182e+02
3.397833409585238087e+02 3.813650893789114207e+02
3.390174763013975507e+02 3.807191454632065302e+02
3.392959651812440143e+02 3.804762441814757494e+02
3.421277641796259559e+02 3.802555075050475466e+02
3.478914752026576025e+02 3.788269041978322775e+02
3.526098262847845604e+02 3.791715378528157885e+02
3.525296881286881785e+02 3.799818279426589811e+02
3.537440130026920428e+02 3.809247315798849627e+02
3.562293497752722828e+02 3.833434837814803018e+02
3.581718210074311060e+02 3.819362966516438860e+02
3.699580562065148683e+02 3.795539209269385879e+02
3.718498563938894677e+02 3.811334130394919839e+02
3.763364943674864094e+02 3.861789133382873160e+02
3.818615908135404311e+02 3.830098393383223652e+02
3.865547929900782833e+02 3.819329394708965424e+02
3.886639293904253805e+02 3.819012580152465830e+02
3.954971975884251947e+02 3.832443744292480687e+02
3.949417382387495081e+02 3.836011578296247535e+02
3.979895141904060551e+02 3.835345826378905940e+02
3.972286261286520812e+02 3.832729107855361121e+02
4.111488032522716480e+02 3.800941009044634029e+02
4.109547373667425632e+02 3.800032887837331828e+02
4.120721670404174120e+02 3.800531511221035430e+02
4.112085650234109835e+02 3.802550988878373346e+02
4.117933220879040732e+02 3.806389048994046220e+02
4.122840266153068001e+02 3.814576029428114907e+02
4.120984077041266573e+02 3.811355088550771484e+02
4.205027482885814152e+02 3.633018973196826096e+02
4.205922903343767985e+02 3.631603794505338101e+02
4.210535072752061296e+02 3.627764890563847189e+02
4.225871855303894336e+02 3.597022290409810807e+02
4.197688480325013529e+02 3.553728492668792001e+02
4.198241915802962581e+02 3.537477830636931913e+02
4.203710938852264576e+02 3.522965217686692654e+02
4.178145862925015308e+02 3.537620402217664264e+02
4.172369704263346080e+02 3.545075241683280183e+02
4.158613701265805389e+02 3.536900019326048437e+02
4.117433456615702880e+02 3.543239805865654262e+02
4.075849364553583314e+02 3.535901712021649246e+02
3.997811906871560836e+02 3.532949076290082076e+02
3.941296139900896378e+02 3.537118100846770403e+02
3.890995388963443133e+02 3.547383555702472222e+02
3.847144080819596184e+02 3.529136217051165545e+02
3.789064009870885457e+02 3.511818811016573250e+02
3.736469202392223110e+02 3.511389738115422006e+02
3.669109926281387857e+02 3.523016589376177308e+02
3.662496337093938905e+02 3.524081631325971671e+02
3.622866117981891989e+02 3.523359713174071430e+02
3.592253782783658380e+02 3.532540750747300535e+02
3.588797035499628691e+02 3.531579101924571091e+02
3.594545309934198940e+02 3.530781219082485336e+02
3.529430810267851371e+02 3.537612615900475816e+02
3.536236288099506169e+02 3.534982039886044163e+02
3.531032161259176974e+02 3.530957860806814210e+02
3.524766867767349368e+02 3.526148736516664712e+02
3.515088462621944245e+02 3.522975050266803123e+02
3.446147696220983221e+02 3.518166563139373011e+02
3.378673804826631226e+02 3.497603470590826191e+02
3.323586795770643789e+02 3.480884101369002224e+02
3.278228806906792556e+02 3.470681962579420770e+02
3.215434133317722853e+02 3.486072265843149012e+02
3.201595327142725296e+02 3.489388180064678977e+02
3.141048606844817641e+02 3.499128532999089884e+02
3.127912845298752131e+02 3.495320985110826655e+02
3.123840196452413807e+02 3.498443987158594268e+02
3.135295529964171806e+02 3.515176103332640878e+02
3.121208044017201928e+02 3.507472455343469164e+02
3.108726717638278387e+02 3.518525720812062900e+02
3.087234739906231198e+02 3.522864833510869857e+02
3.068894323486190956e+02 3.522229686038521095e+02
3.005686372714442314e+02 3.555349359985471551e+02
3.011869734583322042e+02 3.559758213728745204e+02
2.916102448865900101e+02 3.586989875326717083e+02
2.917777206676371407e+02 3.581799005004563128e+02
2.822217555776283007e+02 3.565563150966634112e+02
2.788712100554272979e+02 3.568986500648750280e+02
2.696522487594534709e+02 3.589729277473716706e+02
2.693259093610315063e+02 3.592463227504613883e+02
2.694470262187263643e+02 3.579454360609360606e+02
2.633379285252657951e+02 3.570398570973658821e+02
2.568917460132699944e+02 3.572652637029454468e+02
2.527490519407552654e+02 3.621318778533726572e+02
2.535417233591388140e+02 3.675039066636517759e+02
2.550274802676660784e+02 3.700505433064984118e+02
2.513682947365280995e+02 3.745896490475480505e+02
2.408267320322033527e+02 3.779093929063662358e+02
2.416033704553725840e+02 3.779657436755493336e+02
2.448930317877650680e+02 3.775098322195694891e+02
2.451728092495609417e+02 3.785668968367437515e+02
2.485038317803786185e+02 3.772937015876322562e+02
2.488612497893452087e+02 3.782724120948531663e+02
2.505120463318080510e+02 3.722096536448315192e+02
2.559494077550890836e+02 3.695244438454315627e+02
2.582347169780711056e+02 3.705028432247956403e+02
2.640765306174910734e+02 3.707947993388333998e+02
2.666978451308786475e+02 3.697682889882255495e+02
2.740247096700817337e+02 3.755704066702548971e+02
2.820162704294687614e+02 3.757472724329676339e+02
2.818347268833367139e+02 3.765259064983997632e+02
2.931275947287585950e+02 3.737425314205049744e+02
3.003944918936846875e+02 3.769419991074385052e+02
3.004934511227435223e+02 3.776955110070618957e+02
2.999399894577979921e+02 3.777270697744671111e+02
2.986913151460079234e+02 3.787969390715470581e+02
3.054379259779605604e+02 3.858251104871984580e+02
3.065481191592422192e+02 3.884340837653478502e+02
3.105178726891999759e+02 3.913124785405514672e+02
3.113191130927903032e+02 3.937725732814757862e+02
3.158828832169233465e+02 3.873787189379381175e+02
3.168127142282748991e+02 3.857933064855769771e+02
3.213143838670320065e+02 3.859133111113461609e+02
3.263010927734027860e+02 3.882408374880713495e+02
3.327592297574899476e+02 3.883914736742548257e+02
3.380564295445618654e+02 3.886316721943125003e+02
3.492824550913628627e+02 3.887279996078420936e+02
3.559758871521592596e+02 3.892339024003791224e+02
3.609921020446079183e+02 3.925990588041789806e+02
3.655432542468710722e+02 3.963754004013766234e+02
3.717675161541772582e+02 3.960759743716779440e+02
3.741645821656267685e+02 3.959044892061573364e+02
3.859152866513296658e+02 3.981446207644378887e+02
3.856227373490254422e+02 3.977655759912788653e+02
3.856323434634592786e+02 3.973711290576432589e+02
3.856877764452488009e+02 3.978242463462216278e+02
3.858625887623908284e+02 3.988895606924005506e+02
3.862271618734776553e+02 3.992755983926870726e+02
3.851982369073338077e+02 3.989405012873446594e+02
3.851503285794521503e+02 3.984576627638759874e+02
3.853675239501876035e+02 3.984719918545080759e+02
3.860647330801278372e+02 3.979419274186990947e+02
3.869904156118808487e+02 3.985612570210095100e+02
3.868818985728331086e+02 3.982850032844588668e+02
3.875997460225170812e+02 3.978315899681484780e+02
3.879076012204061499e+02 3.983873643593940415e+02
3.883098976139824572e+02 3.977058818633853434e+02
4.234326312598966524e+02 4.143938484045402220e+02
4.246020591869400391e+02 4.143293012145586545e+02
4.243650746776099822e+02 4.146491309686224440e+02
4.409520014201843878e+02 4.120709705898003108e+02
4.474583374276734844e+02 4.129620172641571116e+02
4.492981620414382746e+02 4.143872080158461131e+02
4.494335160949044052e+02 4.209776807976684836e+02
4.493368665648117144e+02 4.203531426688045940e+02
4.442809610560430542e+02 4.157203232206239250e+02
4.428584922700688935e+02 4.140618063457286553e+02
4.378696519376068750e+02 4.066334345879330954e+02
4.347970770494697490e+02 4.047624620655330432e+02
4.255603770711560969e+02 4.030249160722307806e+02
4.176058420846279091e+02 4.060562722785367100e+02
4.115671116568250341e+02 4.074852805049850417e+02
4.048206014190285487e+02 4.075523704540727294e+02
4.025682824752937563e+02 4.118299485921501741e+02
3.990067340499330157e+02 4.116207082496119938e+02
3.992381063649957014e+02 4.108690097364209919e+02
3.908518418531726297e+02 4.122310393295966264e+02
3.903532212791691336e+02 4.102212846406908966e+02
3.868297095102802245e+02 4.095470271815514138e+02
3.854527577005178500e+02 4.097765385451922384e+02
3.775747775434761024e+02 4.075819117179506179e+02
3.719529531352422396e+02 4.073064685915974792e+02
3.681862459943433237e+02 4.103209957010309950e+02
3.654315378420358229e+02 4.113455353310155829e+02
3.590119388698809075e+02 4.148469134837573620e+02
3.555543175111156984e+02 4.147038797050524863e+02
3.519006869620017710e+02 4.101299498990264851e+02
3.516805726298974264e+02 4.079985499048649444e+02
3.487307512999655614e+02 4.063210431201926554e+02
3.508979871372485491e+02 4.110254881167751932e+02
3.530709209896165248e+02 4.147450844911704166e+02
3.583832772681988672e+02 4.133335110741990661e+02
3.517694239542590822e+02 4.204158073611275199e+02
3.521039323564046981e+02 4.203688205388642132e+02
3.380316616290690490e+02 4.225090890827070211e+02
3.265809072790784171e+02 4.225780395536320952e+02
3.199374273095731951e+02 4.234422393208212156e+02
3.204517452476586641e+02 4.229378675569236634e+02
3.198889169457973480e+02 4.237609615598172468e+02
3.198890605809911563e+02 4.233127004260251169e+02
3.025658865541752220e+02 4.228018012978354250e+02
3.008702676994528815e+02 4.248828935106080849e+02
3.015697167249554695e+02 4.244569725817550534e+02
3.033022153364998985e+02 4.236724795255366303e+02
3.045109050275102618e+02 4.226048109691793684e+02
3.012196531810164970e+02 4.252275797436095672e+02
2.940768250216548267e+02 4.271189005200162683e+02
2.910759131432566278e+02 4.307792742645554540e+02
2.881433591037317683e+02 4.303959760231357450e+02
2.822133141154675968e+02 4.275407716208704869e+02
2.746956620113332974e+02 4.248300600512519622e+02
2.680919790291221716e+02 4.241586179668210548e+02
2.622725593174244523e+02 4.196539573768614559e+02
2.631668487598537354e+02 4.188757613852160375e+02
2.517027153099568579e+02 4.103850889387111920e+02
2.503728450923042885e+02 4.094726647624125917e+02
2.528848914451342864e+02 4.109026562548266384e+02
2.474824562835454742e+02 4.079095887032805763e+02
2.435716165531910065e+02 4.029141925289823689e+02
2.420051531275143759e+02 3.953093649149574844e+02
2.406769775605791324e+02 3.950355706853312086e+02
2.365475591824429955e+02 3.918427335699373657e+02
2.382417955498562208e+02 3.972353818221637312e+02
2.370835523739847588e+02 4.041012106194184526e+02
2.317754219972633791e+02 4.149175832316448691e+02
2.323051810430380044e+02 4.138775107936534141e+02
2.325888191572699384e+02 4.248854361298500635e+02
2.330994610915811052e+02 4.262146473360147638e+02
2.331134143041885523e+02 4.264261866388873727e+02
2.460763328448705067e+02 4.414503348257094331e+02
2.468843211565038587e+02 4.414235369906801907e+02
2.459525385944759250e+02 4.408433773012123424e+02
2.464351792824743654e+02 4.404625380248817805e+02
2.472089894307134443e+02 4.404167749142503681e+02
2.566381522450977855e+02 4.450542497599112153e+02
2.651645792230775669e+02 4.465421164937204139e+02
2.697090126731158648e+02 4.447300013357374837e+02
2.768247247489022698e+02 4.445176754983614842e+02
2.826992992934473250e+02 4.425920543441013137e+02
2.854634306137417639e+02 4.419789488564804856e+02
2.903255385720991057e+02 4.391543017476727186e+02
2.921135502116109137e+02 4.382407925764528045e+02
2.955693161044029011e+02 4.387770364791125530e+02
2.965582484567719348e+02 4.379648340600720644e+02
2.968372694525641009e+02 4.399008789214606736e+02
3.031286017355470790e+02 4.427837118919700856e+02
3.083654565384825332e+02 4.410709420004876620e+02
3.157773106052065941e+02 4.423581671744872210e+02
3.224996666268069134e+02 4.429350118104767375e+02
3.287789467467504210e+02 4.406290225974641999e+02
3.372620299890946853e+02 4.365053736205088626e+02
3.428106976975367388e+02 4.362423908526729974e+02
3.477393198750619945e+02 4.356069428603768756e+02
3.530865148764719947e+02 4.334218911091849691e+02
3.567261968751016639e+02 4.288641853502202821e+02
3.582792370934090513e+02 4.298221521129605094e+02
3.612278406537508886e+02 4.305989917020544340e+02
3.614025015508174761e+02 4.294467830198532283e+02
3.611790889687476351e+02 4.307028311879557236e+02
3.633833625425011178e+02 4.307075065716039717e+02
3.715321306415849563e+02 4.248040519806764905e+02
3.717246950310649254e+02 4.262153004646537511e+02
3.718765237445516618e+02 4.256723949220999543e+02
3.888566788944056043e+02 4.317286270429041792e+02
3.895392774795253104e+02 4.310019903932441707e+02
3.883964113311159849e+02 4.301768362418652600e+02
4.077437261229741239e+02 4.291088041876772650e+02
4.127507514756059663e+02 4.253424111515557229e+02
4.135134816688694173e+02 4.238445504463650195e+02
4.133071173130172724e+02 4.227474950318195965e+02
4.126192480714216231e+02 4.219481312998331077e+02
4.120224113839773281e+02 4.207352630541482768e+02
4.105199504198293994e+02 4.214114752100898613e+02
4.100695813908437799e+02 4.206504425803685763e+02
4.054365841006412552e+02 4.205561486312544162e+02
4.058801405149468451e+02 4.234502019779108082e+02
4.061383538180272126e+02 4.248176625537043947e+02
4.062891562902869964e+02 4.237625002291874807e+02
4.073448924157336819e+02 4.226929505740969262e+02
4.077638882676706658e+02 4.221771735394677307e+02
4.165494865911605871e+02 4.219643242806497483e+02
4.187334890816849224e+02 4.244187610337310161e+02
4.211116768830189585e+02 4.221209257450250334e+02
4.223484553850076395e+02 4.235414582298315622e+02
4.253579845190418496e+02 4.229220837833549922e+02
4.234837636624284869e+02 4.221868334175683799e+02
4.226083882071550875e+02 4.216106762242081913e+02
4.229002178399330774e+02 4.205634648265728401e+02
4.231900289994384252e+02 4.222920136162501876e+02
4.226218046653551710e+02 4.258901695810158117e+02
